辅助面,418820.869,143972.439,418820.867,143972.508,418820.935,143972.509,418820.937,143972.44,418820.869,143972.439
特卖,418821.216,143971.848,418821.344,143971.85,418821.366,143971.615,418821.231,143971.612,418821.216,143971.848
Shan Shan,418821.653,143970.305,418821.583,143970.304,418821.582,143970.38,418821.651,143970.381,418821.653,143970.305
CROCODILE,418821.308,143969.448,418821.535,143969.45,418821.539,143969.338,418821.311,143969.334,418821.308,143969.448
永恒·长城里,418822.322,143970.523,418822.452,143970.525,418822.453,143970.488,418822.324,143970.485,418822.322,143970.523
笛笛风,418822.664,143970.273,418822.55,143970.271,418822.376,143970.268,418822.375,143970.317,418822.662,143970.324,418822.664,143970.273
星糖,418822.522,143969.726,418822.567,143969.727,418822.569,143969.663,418822.527,143969.661,418822.522,143969.726
优盛大厦D座,418821.124,143969.596,418821.128,143969.459,418821.132,143969.224,418820.517,143969.213,418820.506,143969.585,418821.124,143969.596
SHEPINXUAN,418821.516,143970.08,418821.588,143970.081,418821.59,143969.988,418821.518,143969.987,418821.516,143970.08
BASTO,418821.802,143970.188,418821.657,143970.185,418821.651,143970.381,418821.796,143970.383,418821.799,143970.286,418821.802,143970.188
名表维修,418822.276,143970.545,418822.278,143970.492,418822.215,143970.49,418822.152,143970.489,418822.15,143970.542,418822.213,143970.543,418822.276,143970.545
WILDING CARE,418821.37,143971.492,418821.235,143971.49,418821.231,143971.612,418821.366,143971.615,418821.37,143971.492
CASIO,418821.594,143971.742,418821.589,143971.899,418821.688,143971.9,418821.69,143971.822,418821.693,143971.744,418821.594,143971.742
KEER,418821.682,143972.105,418821.685,143972.004,418821.688,143971.9,418821.589,143971.899,418821.582,143972.103,418821.483,143972.101,418821.482,143972.159,418821.68,143972.163,418821.682,143972.105
ELEPHANT JEWELRY,418821.339,143972.014,418821.211,143972.012,418821.207,143972.134,418821.335,143972.137,418821.339,143972.014
China Gold,418821.212,143971.973,418821.34,143971.975,418821.344,143971.85,418821.216,143971.848,418821.212,143971.973
TIAN WANG,418822.209,143970.675,418822.213,143970.543,418822.15,143970.542,418822.148,143970.608,418822.146,143970.674,418822.209,143970.675
EBOHR,418822.276,143970.545,418822.213,143970.543,418822.209,143970.675,418822.272,143970.676,418822.274,143970.61,418822.276,143970.545
Avene,418821.299,143970.474,418821.296,143970.566,418821.294,143970.658,418821.462,143970.662,418821.299,143970.474
樊文花,418821.299,143970.474,418821.462,143970.662,418821.465,143970.569,418821.468,143970.477,418821.299,143970.474
DAHNE,418821.506,143970.378,418821.51,143970.244,418821.359,143970.241,418821.357,143970.308,418821.355,143970.375,418821.506,143970.378
Usexy,418821.518,143969.987,418821.519,143969.955,418821.368,143969.952,418821.365,143970.03,418821.363,143970.107,418821.515,143970.11,418821.518,143969.987
PATTY,418821.515,143970.11,418821.363,143970.107,418821.361,143970.174,418821.359,143970.241,418821.51,143970.244,418821.515,143970.11
TATA,418821.663,143969.989,418821.657,143970.185,418821.802,143970.188,418821.805,143970.09,418821.808,143969.992,418821.663,143969.989
Oceania Roo,418822.055,143970.289,418821.873,143970.285,418821.87,143970.383,418821.961,143970.385,418822.052,143970.386,418822.055,143970.289
SENDA,418822.06,143970.134,418822.066,143969.922,418821.975,143969.921,418821.885,143969.919,418821.878,143970.131,418822.06,143970.134
goldlion,418822.06,143970.134,418821.878,143970.131,418821.876,143970.208,418821.873,143970.285,418822.055,143970.289,418822.057,143970.211,418822.06,143970.134
斐瑞拉,418821.539,143969.338,418821.535,143969.45,418821.762,143969.454,418821.766,143969.342,418821.652,143969.34,418821.539,143969.338
hangten,418821.531,143969.567,418821.304,143969.563,418821.301,143969.65,418821.299,143969.738,418821.526,143969.742,418821.531,143969.567
COEY,418821.753,143969.746,418821.526,143969.742,418821.522,143969.857,418821.75,143969.861,418821.752,143969.804,418821.753,143969.746
柏诺森,418821.526,143969.742,418821.299,143969.738,418821.295,143969.853,418821.409,143969.855,418821.522,143969.857,418821.526,143969.742
莉彤雪,418821.762,143969.454,418821.535,143969.45,418821.531,143969.567,418821.526,143969.742,418821.753,143969.746,418821.758,143969.6,418821.762,143969.454
千佰莉,418821.308,143969.448,418821.304,143969.563,418821.531,143969.567,418821.535,143969.45,418821.308,143969.448
肯德基,418822.198,143972.803,418822.191,143973.043,418822.259,143973.045,418822.327,143973.046,418822.335,143972.806,418822.198,143972.803
快乐柠檬,418822.474,143972.713,418822.201,143972.708,418822.198,143972.803,418822.335,143972.806,418822.327,143973.046,418822.464,143973.048,418822.469,143972.881,418822.474,143972.713
植物医生,418821.859,143972.546,418821.539,143972.54,418821.537,143972.618,418821.535,143972.696,418821.854,143972.702,418821.859,143972.546
ZeeTea,418822.492,143972.148,418822.181,143972.142,418822.171,143972.488,418822.481,143972.494,418822.486,143972.321,418822.492,143972.148
无邪,418822.201,143972.708,418822.474,143972.713,418822.477,143972.603,418822.481,143972.494,418822.171,143972.488,418821.861,143972.482,418821.859,143972.546,418821.854,143972.702,418822.201,143972.708
Apple Store,418821.848,143972.905,418821.854,143972.702,418821.535,143972.696,418821.531,143972.798,418821.528,143972.9,418821.848,143972.905
巴黎贝甜,418822.191,143973.043,418822.198,143972.803,418822.201,143972.708,418821.854,143972.702,418821.848,143972.905,418821.845,143972.977,418821.842,143973.095,418821.837,143973.234,418822.011,143973.237,418822.184,143973.24,418822.191,143973.043
HUAWEI,418821.859,143972.546,418821.861,143972.482,418821.864,143972.39,418821.798,143972.388,418821.663,143972.276,418821.603,143972.339,418821.544,143972.402,418821.539,143972.54,418821.859,143972.546
UNIQLO,418822.492,143972.148,418822.499,143971.903,418822.5,143971.862,418822.359,143971.859,418822.366,143971.629,418822.622,143971.634,418822.626,143971.501,418822.63,143971.368,418822.198,143971.36,418821.815,143971.353,418821.811,143971.486,418821.803,143971.744,418821.795,143972.006,418821.791,143972.135,418822.181,143972.142,418822.492,143972.148
周大福,418822.202,143971.212,418822.04,143971.209,418821.822,143971.205,418821.682,143971.203,418821.638,143971.255,418821.635,143971.35,418821.815,143971.353,418822.198,143971.36,418822.202,143971.212
明牌珠宝,418822.639,143971.066,418822.435,143971.062,418822.305,143971.06,418822.303,143971.137,418822.3,143971.214,418822.251,143971.213,418822.202,143971.212,418822.198,143971.36,418822.63,143971.368,418822.639,143971.066
老凤祥,418822.452,143970.525,418822.322,143970.523,418822.314,143970.791,418822.305,143971.06,418822.435,143971.062,418822.452,143970.525
心悦,418822.181,143972.142,418821.791,143972.135,418821.746,143972.134,418821.744,143972.191,418821.704,143972.234,418821.663,143972.276,418821.798,143972.388,418821.864,143972.39,418821.861,143972.482,418822.171,143972.488,418822.181,143972.142
珠宝首饰定制加工,418822.39,143969.819,418822.564,143969.822,418822.567,143969.727,418822.393,143969.724,418822.392,143969.776,418822.39,143969.819
BeLLE,418822.376,143970.268,418822.385,143969.984,418822.39,143969.819,418822.192,143969.815,418822.184,143970.064,418822.177,143970.314,418822.375,143970.317,418822.376,143970.268
AT,418822.264,143969.444,418822.257,143969.65,418822.333,143969.651,418822.336,143969.548,418822.339,143969.445,418822.264,143969.444
品真阁&华夏典当行,418822.179,143968.872,418822.164,143969.346,418822.452,143969.351,418822.578,143969.353,418822.582,143969.219,418822.589,143968.993,418822.593,143968.879,418822.179,143968.872
卓尔贝洛妮,418821.917,143969.866,418821.921,143969.739,418821.923,143969.67,418821.93,143969.438,418821.839,143969.436,418821.832,143969.65,418821.826,143969.864,418821.917,143969.866
百田森热卖会,418821.921,143969.739,418821.917,143969.866,418822.019,143969.867,418822.121,143969.869,418822.125,143969.743,418821.921,143969.739
HARSON,418821.41,143968.858,418821.222,143968.854,418821.215,143969.062,418821.193,143969.062,418821.187,143969.261,418821.292,143969.263,418821.398,143969.265,418821.41,143968.858
D:FUSE,418821.948,143968.867,418821.668,143968.862,418821.656,143969.269,418821.795,143969.272,418821.935,143969.274,418821.948,143968.867
KISSCAT,418821.668,143968.862,418821.41,143968.858,418821.398,143969.265,418821.527,143969.267,418821.656,143969.269,418821.668,143968.862
SATURDAYMODE,418821.181,143969.46,418821.128,143969.459,418821.124,143969.596,418820.792,143969.59,418820.506,143969.585,418820.502,143969.711,418821.236,143969.725,418821.24,143969.593,418821.244,143969.461,418821.245,143969.308,418821.186,143969.306,418821.181,143969.46
7-ELEVEn(成府路店),418820.974,143969.959,418820.976,143969.877,418820.966,143969.877,418820.497,143969.869,418820.494,143969.977,418820.49,143970.086,418820.969,143970.095,418820.974,143969.959
Kiss Kitty,418821.039,143970.751,418821.186,143970.755,418821.188,143970.691,418821.189,143970.682,418821.191,143970.601,418821.166,143970.601,418821.043,143970.599,418821.04,143970.689,418821.039,143970.751
Clarks,418821.177,143970.235,418820.965,143970.231,418820.958,143970.456,418821.047,143970.458,418821.17,143970.46,418821.174,143970.347,418821.177,143970.235
WALKERSHOP,418820.976,143969.877,418820.974,143969.959,418821.186,143969.963,418821.188,143969.88,418821.191,143969.796,418820.979,143969.792,418820.976,143969.877
天美意,418821.177,143970.235,418821.182,143970.099,418821.186,143969.963,418820.974,143969.959,418820.969,143970.095,418820.965,143970.231,418821.177,143970.235
蹀愫,418821.186,143970.777,418821.038,143970.774,418821.032,143970.947,418821.18,143970.95,418821.183,143970.863,418821.186,143970.777
汉堡王,418820.873,143970.55,418820.955,143970.551,418820.958,143970.456,418820.965,143970.231,418820.969,143970.095,418820.49,143970.086,418820.486,143970.231,418820.479,143970.447,418820.472,143970.688,418820.759,143970.693,418820.765,143970.499,418820.874,143970.501,418820.873,143970.55
:15MINS,418821.132,143971.844,418820.824,143971.839,418820.817,143972.083,418821.125,143972.089,418821.129,143971.966,418821.132,143971.844
COMELY,418821.147,143971.358,418821.343,143971.362,418821.345,143971.285,418821.348,143971.209,418821.188,143971.206,418821.189,143971.157,418821.026,143971.154,418821.02,143971.356,418821.147,143971.358
nordicbynature VERO MODA,418820.817,143972.083,418820.824,143971.839,418821.132,143971.844,418821.136,143971.729,418821.145,143971.429,418821.147,143971.358,418821.02,143971.356,418821.026,143971.154,418820.458,143971.143,418820.427,143972.136,418820.815,143972.143,418820.817,143972.083
Microsoft,418821.212,143972.284,418821.158,143972.226,418821.104,143972.169,418821.105,143972.131,418821.032,143972.13,418821.023,143972.41,418821.212,143972.284
CITYCHAIN,418821.328,143972.679,418821.331,143972.598,418821.333,143972.516,418821.02,143972.511,418821.018,143972.594,418821.015,143972.673,418821.328,143972.679
空铺,418821.319,143972.965,418821.006,143972.959,418821.005,143973.007,418820.964,143973.007,418820.957,143973.218,418821.311,143973.224,418821.315,143973.095,418821.319,143972.965
WU CLUB,418820.704,143972.588,418820.413,143972.583,418820.409,143972.718,418820.487,143972.8,418820.565,143972.882,418820.698,143972.771,418820.704,143972.588
MISSHA,418821.212,143972.284,418821.023,143972.41,418821.02,143972.511,418821.333,143972.516,418821.336,143972.415,418821.274,143972.349,418821.212,143972.284
NOBLE SIGHT,418821.319,143972.965,418821.324,143972.822,418821.328,143972.679,418821.015,143972.673,418821.006,143972.959,418821.319,143972.965
