辅助面,418822.507,143971.821,418822.511,143971.688,418822.423,143971.686,418822.358,143971.685,418822.351,143971.897,418822.505,143971.9,418822.507,143971.821
假发,418821.589,143971.88,418821.648,143971.88,418821.652,143971.743,418821.594,143971.742,418821.589,143971.88
洗手间辅助面,418820.776,143971.833,418820.606,143971.83,418820.598,143972.084,418820.683,143972.085,418820.768,143972.087,418820.776,143971.833
爱美丽,418821.506,143970.378,418821.512,143970.182,418821.319,143970.179,418821.315,143970.296,418821.312,143970.412,418821.505,143970.416,418821.506,143970.378
POP MART,418821.761,143972.141,418821.757,143972.264,418821.753,143972.387,418821.912,143972.39,418821.92,143972.144,418821.761,143972.141
F·NY,418821.518,143969.987,418821.52,143969.923,418821.327,143969.92,418821.323,143970.049,418821.319,143970.179,418821.512,143970.182,418821.518,143969.987
Roem,418821.663,143969.989,418821.651,143970.381,418821.65,143970.425,418821.737,143970.426,418821.744,143970.209,418821.751,143969.991,418821.663,143969.989
Adora,418821.079,143969.972,418821.073,143970.158,418821.157,143970.159,418821.241,143970.161,418821.252,143969.819,418821.168,143969.817,418821.084,143969.816,418820.999,143969.814,418820.915,143969.813,418820.91,143969.969,418821.079,143969.972
KASERLING,418821.073,143970.158,418821.079,143969.972,418820.91,143969.969,418820.904,143970.155,418820.989,143970.156,418821.073,143970.158
7m,418821.528,143969.348,418821.515,143969.782,418821.608,143969.784,418821.701,143969.785,418821.707,143969.568,418821.714,143969.351,418821.621,143969.349,418821.528,143969.348
京工1961裳品,418821.528,143969.348,418821.435,143969.346,418821.342,143969.344,418821.335,143969.561,418821.329,143969.779,418821.422,143969.78,418821.515,143969.782,418821.528,143969.348
衣秀维妮,418821.816,143970.151,418822.128,143970.157,418822.132,143970.039,418822.136,143969.922,418821.823,143969.916,418821.82,143970.034,418821.816,143970.151
JFMS,418822.128,143970.157,418821.816,143970.151,418821.812,143970.269,418821.809,143970.386,418822.121,143970.392,418822.125,143970.274,418822.128,143970.157
a02,418820.812,143969.96,418820.816,143969.848,418820.819,143969.736,418820.824,143969.585,418820.506,143969.579,418820.494,143969.954,418820.812,143969.96
UGIZ,418821.791,143970.802,418821.95,143970.805,418822.108,143970.807,418822.112,143970.676,418822.116,143970.545,418821.958,143970.542,418821.8,143970.539,418821.796,143970.67,418821.791,143970.802
箱子,418821.509,143970.574,418821.414,143970.572,418821.319,143970.571,418821.315,143970.704,418821.31,143970.837,418821.5,143970.841,418821.509,143970.574
La go go,418821.69,143970.844,418821.695,143970.711,418821.699,143970.578,418821.604,143970.576,418821.509,143970.574,418821.5,143970.841,418821.69,143970.844
H:CONNECT,418821.69,143970.844,418821.5,143970.841,418821.31,143970.837,418821.306,143970.986,418821.301,143971.134,418821.491,143971.137,418821.681,143971.141,418821.686,143970.992,418821.69,143970.844
MEDIHEAL,418821.338,143971.907,418821.298,143971.907,418821.295,143972.026,418821.291,143972.146,418821.331,143972.147,418821.338,143971.907
Less Move,418821.648,143971.88,418821.589,143971.88,418821.582,143972.103,418821.581,143972.147,418821.64,143972.148,418821.648,143971.88
RENKOMAY,418821.418,143972.499,418821.421,143972.387,418821.257,143972.384,418821.253,143972.496,418821.335,143972.498,418821.418,143972.499
CHIBOO,418821.424,143972.275,418821.342,143972.274,418821.26,143972.272,418821.257,143972.384,418821.421,143972.387,418821.424,143972.275
国货红妆,418821.585,143972.39,418821.421,143972.387,418821.418,143972.499,418821.5,143972.501,418821.582,143972.502,418821.585,143972.39
老银匠,418821.424,143972.275,418821.421,143972.387,418821.585,143972.39,418821.589,143972.278,418821.507,143972.277,418821.424,143972.275
DHC,418821.004,143972.14,418820.999,143972.307,418821.161,143972.31,418821.164,143972.227,418821.166,143972.143,418821.004,143972.14
林清轩,418821.161,143972.31,418820.91,143972.306,418820.906,143972.416,418820.953,143972.417,418820.95,143972.52,418821.154,143972.523,418821.158,143972.417,418821.161,143972.31
星巴克,418821.031,143972.729,418820.988,143972.728,418820.944,143972.728,418820.724,143972.724,418820.409,143972.718,418820.677,143973.001,418820.964,143973.007,418821.022,143973.008,418821.031,143972.729
lily,418821.18,143971.587,418820.444,143971.573,418820.436,143971.827,418820.606,143971.83,418820.776,143971.833,418821.172,143971.84,418821.176,143971.713,418821.18,143971.587
PEACEBIRD,418821.189,143971.31,418821.017,143971.307,418820.948,143971.306,418820.453,143971.297,418820.444,143971.573,418821.18,143971.587,418821.184,143971.448,418821.189,143971.31
idole,418821.017,143971.307,418821.189,143971.31,418821.363,143971.313,418821.365,143971.224,418821.324,143971.187,418821.223,143971.186,418821.226,143971.099,418821.229,143971.005,418821.231,143970.917,418821.029,143970.913,418821.017,143971.307
Hopeshow,418821.172,143971.84,418820.776,143971.833,418820.768,143972.087,418821.164,143972.094,418821.168,143971.967,418821.172,143971.84
CI·PRES,418821.223,143970.592,418821.128,143970.591,418821.045,143970.589,418821.037,143970.854,418821.215,143970.858,418821.219,143970.725,418821.223,143970.592
伊芙丽,418820.804,143970.227,418820.757,143970.226,418820.75,143970.472,418821.132,143970.479,418821.227,143970.481,418821.228,143970.441,418821.234,143970.235,418821.019,143970.231,418820.804,143970.227
SEIFINI,418820.812,143969.96,418820.494,143969.954,418820.486,143970.221,418820.757,143970.226,418820.804,143970.227,418820.805,143970.182,418820.812,143969.96
Puella,418821.169,143969.356,418820.513,143969.344,418820.506,143969.579,418820.824,143969.585,418820.819,143969.736,418821.025,143969.74,418821.232,143969.744,418821.237,143969.551,418821.243,143969.357,418821.169,143969.356
betu,418821.923,143969.67,418821.93,143969.438,418821.934,143969.333,418821.813,143969.331,418821.805,143969.577,418821.797,143969.824,418821.951,143969.826,418822.105,143969.829,418822.108,143969.712,418821.922,143969.708,418821.923,143969.67
ONLY,418822.28,143968.873,418821.259,143968.855,418821.248,143969.209,418821.497,143969.214,418821.747,143969.218,418821.874,143969.221,418821.877,143969.166,418822.271,143969.173,418822.28,143968.873
乐町,418822.288,143971.613,418821.763,143971.603,418821.76,143971.708,418821.756,143971.813,418822.282,143971.823,418822.288,143971.613
MANGO,418822.41,143971.329,418822.631,143971.333,418822.639,143971.066,418822.213,143971.058,418822.211,143971.122,418822.209,143971.187,418821.94,143971.182,418821.671,143971.177,418821.596,143971.24,418821.595,143971.277,418821.594,143971.314,418821.772,143971.317,418822.41,143971.329
PRICH,418822.648,143970.8,418822.221,143970.792,418822.217,143970.925,418822.213,143971.058,418822.639,143971.066,418822.648,143970.8
E·LAND,418822.648,143970.8,418822.656,143970.529,418822.229,143970.521,418822.225,143970.656,418822.221,143970.792,418822.648,143970.8
SEA TO SKY,418822.675,143969.912,418822.248,143969.904,418822.239,143970.213,418822.229,143970.521,418822.656,143970.529,418822.675,143969.912
TEENIE WEENIE,418822.675,143969.912,418822.707,143968.881,418822.28,143968.873,418822.269,143969.228,418822.263,143969.444,418822.256,143969.676,418822.251,143969.821,418822.248,143969.904,418822.675,143969.912
歌莉娅,418822.401,143971.615,418822.41,143971.329,418821.772,143971.317,418821.767,143971.46,418821.763,143971.603,418822.288,143971.613,418822.401,143971.615
ochirly,418821.495,143972.629,418821.265,143972.625,418821.034,143972.621,418821.031,143972.729,418821.022,143973.008,418820.964,143973.007,418820.957,143973.218,418821.477,143973.227,418821.495,143972.629
PUCCA,418821.912,143972.39,418821.753,143972.387,418821.75,143972.511,418821.746,143972.634,418821.905,143972.637,418821.912,143972.39
MATERIAL GIRL,418822.616,143971.823,418822.507,143971.821,418822.505,143971.9,418822.351,143971.897,418821.769,143971.886,418821.766,143971.975,418821.761,143972.141,418821.92,143972.144,418821.912,143972.39,418821.905,143972.637,418822.59,143972.649,418822.616,143971.823
