辅助面,418822.423,143971.686
假发,418821.65,143971.815
洗手间辅助面,418820.683,143972.085
爱美丽,418821.315,143970.296
POP MART,418821.757,143972.271
F·NY,418821.323,143970.049
Roem,418821.744,143970.209
Adora,418821.067,143969.816,418821.157,143970.159
KASERLING,418820.989,143970.156
7m,418821.608,143969.784,418821.707,143969.568,418821.621,143969.349
京工1961裳品,418821.422,143969.78,418821.335,143969.561,418821.435,143969.346
衣秀维妮,418822.132,143970.039,418821.82,143970.034
JFMS,418822.125,143970.274,418821.812,143970.269
a02,418820.816,143969.848
UGIZ,418821.958,143970.542,418821.796,143970.67,418822.112,143970.676
箱子,418821.414,143970.572,418821.315,143970.704
La go go,418821.695,143970.711,418821.604,143970.576
H:CONNECT,418821.686,143970.992,418821.306,143970.986,418821.491,143971.137
MEDIHEAL,418821.295,143972.026
Less Move,418821.644,143972.012
RENKOMAY,418821.335,143972.498
CHIBOO,418821.342,143972.274
国货红妆,418821.5,143972.501
老银匠,418821.507,143972.277
DHC,418821.164,143972.227
林清轩,418821.158,143972.417
STARBUCKS,418820.988,143972.728
lily,418821.176,143971.713
PEACEBIRD,418821.184,143971.461
idole,418821.229,143971.005,418821.226,143971.099
Hopeshow,418821.168,143971.967
CI·PRES,418821.219,143970.725
伊芙丽,418821.016,143970.231,418821.23,143970.377
SEIFINI,418820.805,143970.182
Puella,418821.237,143969.551,418821.025,143969.74
betu,418821.951,143969.826,418821.805,143969.577
ONLY,418821.747,143969.218,418821.497,143969.214
乐町,418821.76,143971.708
MANGO,418821.94,143971.182,418822.211,143971.122,418821.595,143971.277
PRICH,418822.217,143970.925
E·LAND,418822.225,143970.656
SEA TO SKY,418822.239,143970.213
TEENIE WEENIE,418822.251,143969.821
GLORIA,418821.767,143971.46
ochirly,418821.265,143972.625
PUCCA,418821.75,143972.511
MATERIAL GIRL,418821.766,143971.975
屈臣氏,418821.621,143972.631
