巴黎贝甜,419284.394,143977.319,419284.132,143977.319,419284.132,143977.34,419284.132,143977.703,419284.45,143977.703,419284.767,143977.703,419284.767,143977.433,419284.767,143977.319,419284.394,143977.319
丽婴房特卖,419287.808,143974.001,419287.811,143973.735,419287.686,143973.735,419287.686,143973.868,419287.686,143974.001,419287.808,143974.001
首饰加工,419288.801,143972.415,419288.802,143972.351,419288.708,143972.351,419288.707,143972.415,419288.801,143972.415
名表维修,419288.707,143972.415,419288.708,143972.351,419288.597,143972.351,419288.597,143972.415,419288.707,143972.415
BVLGARI,419284.996,143977.133,419285.177,143977.011,419284.993,143977.013,419284.996,143977.133
COACH,419287.826,143974.31,419287.826,143974.237,419287.607,143974.383,419287.716,143974.383,419287.826,143974.383,419287.826,143974.31
辅助面,419284.07,143977.237,419284.015,143977.237,419284.015,143977.34,419284.132,143977.34,419284.132,143977.319,419284.132,143977.237,419284.07,143977.237
洗手间辅助面,419284.067,143976.372,419283.842,143976.298,419283.779,143976.41,419284.004,143976.485,419284.036,143976.427,419284.067,143976.372
星糖miniKTV,419288.076,143972.352,419288.049,143972.352,419288.049,143972.375,419288.049,143972.398,419288.076,143972.398,419288.076,143972.352
crocs,419288.056,143971.506,419287.833,143971.332,419287.408,143971.651,419287.547,143971.76,419287.632,143971.76,419287.717,143971.76,419288.056,143971.506
COSTA,419285.834,143976.367,419285.575,143976.289,419285.535,143976.402,419285.496,143976.516,419285.679,143976.55,419286.115,143976.633,419286.15,143976.565,419286.196,143976.476,419285.834,143976.367
WALKERSHOP,419288.333,143973.341,419288.078,143973.341,419288.078,143973.482,419288.333,143973.482,419288.333,143973.412,419288.333,143973.341
柏诺森,419287.931,143972.782,419287.687,143972.782,419287.687,143972.843,419287.686,143972.905,419287.931,143972.905,419287.931,143972.843,419287.931,143972.782
maeda,419288.333,143973.482,419288.078,143973.482,419288.078,143973.624,419288.333,143973.624,419288.333,143973.553,419288.333,143973.482
时尚殿堂,419287.204,143971.491,419287.1,143971.41,419286.749,143971.673,419286.749,143972.306,419287.071,143972.306,419287.071,143972.384,419287.329,143972.384,419287.329,143972.039,419287.329,143971.816,419287.329,143971.777,419287.368,143971.714,419287.408,143971.651,419287.204,143971.491
森达,419287.931,143971.808,419287.687,143971.808,419287.687,143971.898,419287.687,143971.988,419287.931,143971.988,419287.931,143971.899,419287.931,143971.808
Calvin Klein Jeans,419287.35,143975.526,419286.898,143975.164,419286.765,143975.262,419286.631,143975.36,419287.083,143975.722,419287.35,143975.526
STARBUCKS COFFEE,419288.597,143974.256,419287.947,143974.256,419287.947,143974.423,419288.003,143974.469,419288.381,143974.771,419288.47,143974.705,419288.597,143974.612,419288.597,143974.256
ST&SAT,419287.548,143973.12,419287.293,143973.12,419287.293,143973.366,419287.548,143973.366,419287.548,143973.243,419287.548,143973.12
富贵鸟,419288.333,143972.923,419288.078,143972.923,419288.078,143973.002,419288.078,143973.08,419288.333,143973.08,419288.333,143973.002,419288.333,143972.923
指尖芭蕾,419287.329,143972.84,419287.329,143972.646,419287.329,143972.452,419287.004,143972.452,419287.004,143972.507,419286.901,143972.507,419286.901,143972.384,419286.749,143972.384,419286.749,143972.84,419286.884,143972.84,419286.884,143972.718,419286.978,143972.718,419286.978,143972.84,419287.216,143972.84,419287.329,143972.84
SWAROVSKI,419287.083,143975.722,419286.631,143975.36,419286.509,143975.449,419286.414,143975.52,419286.408,143975.592,419286.612,143975.755,419286.816,143975.918,419287.083,143975.722
小护士特卖会,419288.103,143970.779,419287.955,143970.764,419287.834,143970.78,419287.718,143970.822,419287.625,143970.885,419287.534,143971.007,419287.526,143971.091,419287.568,143971.124,419287.613,143971.159,419287.655,143971.192,419287.7,143971.227,419287.833,143971.332,419288.056,143971.506,419288.197,143971.401,419288.474,143971.193,419288.426,143971.155,419288.427,143971.088,419288.409,143971.013,419288.363,143970.933,419288.304,143970.874,419288.21,143970.816,419288.103,143970.779
STACCATO,419287.549,143971.816,419287.329,143971.816,419287.329,143972.039,419287.548,143972.039,419287.549,143971.927,419287.549,143971.816
DAZZLE,419286.908,143974.351,419286.799,143974.268,419286.533,143974.474,419286.785,143974.665,419286.918,143974.562,419287.051,143974.459,419286.908,143974.351
MISS SIXTY,419285.827,143975.021,419285.565,143974.823,419285.282,143975.057,419285.421,143975.155,419285.763,143975.414,419285.907,143975.302,419286.051,143975.191,419285.827,143975.021
卡佛儿,419287.931,143973.327,419287.809,143973.327,419287.809,143973.496,419287.931,143973.496,419287.931,143973.412,419287.931,143973.327
I DO,419286.228,143975.053,419286.005,143974.884,419285.827,143975.021,419286.051,143975.191,419286.139,143975.122,419286.228,143975.053
HAZZYS,419285.011,143976.262,419284.474,143976.021,419284.423,143976.112,419284.334,143976.269,419284.926,143976.49,419284.968,143976.376,419285.011,143976.262
MOUSSY&SLY,419285.508,143975.633,419285.161,143975.37,419284.745,143975.716,419285.149,143976.033,419285.2,143975.967,419285.324,143975.806,419285.466,143975.673,419285.508,143975.633
唐宫,419288.188,143972.209,419288.076,143972.209,419288.076,143972.398,419288.236,143972.394,419288.233,143972.209,419288.188,143972.209
BASTO,419287.931,143971.988,419287.687,143971.988,419287.687,143972.079,419287.687,143972.169,419287.931,143972.169,419287.931,143971.988
荣至尊,419288.73,143972.51,419288.597,143972.51,419288.597,143972.594,419288.597,143972.678,419288.697,143972.678,419288.73,143972.678,419288.73,143972.51
ZARA,419287.85,143974.536,419287.76,143974.532,419287.659,143974.606,419286.898,143975.164,419287.35,143975.526,419287.875,143975.142,419288.145,143974.943,419288.257,143974.862,419287.85,143974.536
WALKER SHOP,419287.931,143972.65,419287.687,143972.65,419287.687,143972.716,419287.687,143972.782,419287.931,143972.782,419287.931,143972.716,419287.931,143972.65
天美意,419287.931,143972.499,419287.687,143972.499,419287.687,143972.575,419287.687,143972.65,419287.931,143972.65,419287.931,143972.575,419287.931,143972.499
Calvin Klein,419286.118,143975.99,419285.937,143975.882,419285.848,143975.982,419285.759,143976.083,419285.976,143976.179,419286.055,143976.074,419286.118,143975.99
PANDORA,419286.48,143975.996,419286.14,143975.723,419286.015,143975.815,419285.965,143975.851,419285.937,143975.882,419286.118,143975.99,419286.321,143976.112,419286.48,143975.996
LOVE&LOVE,419286.434,143974.893,419286.211,143974.724,419286.019,143974.873,419286.005,143974.884,419286.228,143975.053,419286.434,143974.893
TOMMY HILFIGER,419285.763,143975.414,419285.421,143975.155,419285.161,143975.37,419285.508,143975.633,419285.577,143975.569,419285.646,143975.505,419285.763,143975.414
BeLLE,419287.548,143972.039,419287.329,143972.039,419287.329,143972.384,419287.548,143972.384,419287.548,143972.212,419287.548,143972.039
EMPORIO ARMANI,419285.135,143976.493,419285.049,143976.477,419285.035,143976.522,419285.124,143976.538,419285.208,143976.553,419285.222,143976.509,419285.135,143976.493
KISSCAT,419287.548,143972.452,419287.329,143972.452,419287.329,143972.646,419287.548,143972.646,419287.548,143972.549,419287.548,143972.452
SAFIYA,419287.931,143972.905,419287.686,143972.905,419287.686,143972.985,419287.686,143973.065,419287.931,143973.065,419287.931,143972.985,419287.931,143972.905
KEER,419288.915,143972.106,419288.597,143972.106,419288.597,143972.229,419288.597,143972.351,419288.718,143972.351,419288.915,143972.351,419288.915,143972.106
GREYBOX COFFEE,419285.492,143977.166,419285.492,143977.041,419285.585,143977.041,419285.585,143976.955,419285.48,143976.955,419285.48,143976.846,419285.584,143976.846,419285.602,143976.789,419285.48,143976.765,419285.351,143976.765,419285.351,143977.238,419285.351,143977.27,419285.483,143977.379,419285.643,143977.266,419285.492,143977.166
Tata,419287.931,143972.169,419287.687,143972.169,419287.687,143972.292,419287.687,143972.415,419287.931,143972.415,419287.931,143972.336,419287.931,143972.169
LENSCRAFTERS,419285.149,143976.033,419284.745,143975.716,419284.474,143976.021,419285.011,143976.262,419285.08,143976.147,419285.149,143976.033
coey,419287.931,143973.065,419287.686,143973.065,419287.686,143973.146,419287.686,143973.226,419287.931,143973.226,419287.931,143973.146,419287.931,143973.065
周大福,419288.823,143971.506,419288.77,143971.465,419288.597,143971.594,419288.597,143971.729,419288.597,143971.864,419288.915,143971.864,419288.915,143971.578,419288.823,143971.506
飞亚达,419288.188,143972.086,419288.076,143972.086,419288.076,143972.209,419288.188,143972.209,419288.188,143972.148,419288.188,143972.086
SEPHORA,419288.588,143974.041,419288.915,143974.041,419288.915,143973.666,419288.915,143973.065,419288.452,143973.065,419288.452,143973.329,419288.452,143973.959,419288.47,143973.989,419288.501,143974.014,419288.544,143974.031,419288.588,143974.041
innisfree,419284.858,143977.128,419284.858,143977.059,419284.858,143976.99,419284.433,143976.99,419284.433,143977.07,419284.209,143977.07,419284.209,143977.128,419284.586,143977.128,419284.858,143977.128
melissa MADE IN BRAZIL,419285.976,143976.179,419285.759,143976.083,419285.667,143976.186,419285.575,143976.289,419285.834,143976.367,419285.904,143976.274,419285.976,143976.179
羽思图特卖,419287.809,143973.496,419287.686,143973.496,419287.686,143973.546,419287.686,143973.597,419287.931,143973.597,419287.931,143973.546,419287.931,143973.496,419287.809,143973.496
天王表,419288.188,143971.97,419288.076,143971.97,419288.076,143972.086,419288.188,143972.086,419288.188,143972.028,419288.188,143971.97
千年珠宝,419288.915,143971.864,419288.597,143971.864,419288.597,143971.985,419288.597,143972.106,419288.915,143972.106,419288.915,143971.864
依波表,419288.188,143971.866,419288.076,143971.866,419288.076,143971.899,419288.076,143971.97,419288.188,143971.97,419288.188,143971.918,419288.188,143971.866
Clarks,419287.548,143972.913,419287.293,143972.913,419287.293,143973.12,419287.548,143973.12,419287.548,143973.016,419287.548,143972.913
D:FUSE,419287.548,143973.366,419287.293,143973.366,419287.293,143973.612,419287.548,143973.612,419287.548,143973.489,419287.548,143973.366
迈凯路,419287.809,143973.327,419287.686,143973.327,419287.686,143973.412,419287.686,143973.496,419287.809,143973.496,419287.809,143973.327
ESTELLE,419285.532,143976.602,419285.351,143976.568,419285.351,143976.667,419285.351,143976.765,419285.48,143976.765,419285.506,143976.684,419285.532,143976.602
Bata,419287.548,143972.646,419287.329,143972.646,419287.329,143972.84,419287.548,143972.84,419287.548,143972.743,419287.548,143972.646
中国电信手机专卖店,419288.333,143973.691,419288.078,143973.691,419288.078,143974.001,419288.333,143974.001,419288.333,143973.846,419288.333,143973.691
Gabor,419286.785,143974.665,419286.533,143974.474,419286.211,143974.724,419286.463,143974.915,419286.624,143974.79,419286.785,143974.665
Usexy,419287.931,143973.597,419287.686,143973.597,419287.686,143973.644,419287.686,143973.691,419287.931,143973.691,419287.931,143973.644,419287.931,143973.597
华尔街英语,419287.548,143973.654,419287.448,143973.654,419287.448,143973.743,419287.548,143973.743,419287.548,143973.699,419287.548,143973.654
合景香悦四季,419287.811,143973.735,419287.808,143974.001,419287.931,143974.001,419287.931,143973.735,419287.811,143973.735
MiXX,419285.383,143975.981,419285.321,143975.957,419285.221,143976.115,419285.122,143976.273,419285.184,143976.296,419285.383,143975.981
SKAGEN,419285.179,143976.648,419285.09,143976.648,419285.09,143976.74,419285.121,143976.74,419285.121,143976.772,419285.179,143976.772,419285.179,143976.71,419285.179,143976.648
ARMANI EXCHANGE,419284.481,143976.724,419284.433,143976.724,419284.433,143976.99,419284.858,143976.99,419284.858,143976.857,419284.858,143976.724,419284.481,143976.724
幸福的味道,419286.395,143976.252,419286.228,143976.164,419286.058,143976.355,419286.226,143976.442,419286.311,143976.347,419286.395,143976.252
MOVADO,419287.648,143974.237,419287.607,143974.237,419287.607,143974.31,419287.607,143974.383,419287.826,143974.237,419287.648,143974.237
FOSSIL,419285.208,143976.553,419285.124,143976.538,419285.09,143976.648,419285.179,143976.648,419285.193,143976.601,419285.208,143976.553
皮具护理,419288.802,143972.351,419288.801,143972.415,419288.915,143972.415,419288.915,143972.351,419288.802,143972.351
AIGLE,419285.259,143977.537,419285.043,143977.357,419284.997,143977.319,419284.839,143977.319,419284.839,143977.433,419284.767,143977.433,419284.767,143977.703,419285.112,143977.703,419285.259,143977.537
达芙妮,419288.333,143973.08,419288.078,143973.08,419288.078,143973.158,419288.078,143973.237,419288.333,143973.237,419288.333,143973.158,419288.333,143973.08
REC,419285.121,143976.772,419285.0,143976.772,419285.0,143976.972,419285.089,143976.972,419285.179,143976.972,419285.179,143976.772,419285.121,143976.772
edition,419284.901,143976.54,419284.481,143976.382,419284.481,143976.724,419284.858,143976.724,419284.88,143976.632,419284.901,143976.54
GODIVA,419287.244,143974.309,419287.168,143974.252,419287.009,143974.274,419286.908,143974.351,419287.051,143974.459,419287.147,143974.384,419287.244,143974.309
中国移动,419287.323,143974.116,419287.113,143974.116,419287.113,143974.215,419287.448,143974.215,419287.448,143974.166,419287.448,143974.116,419287.323,143974.116
DIESEL,419285.124,143976.538,419285.035,143976.522,419285.018,143976.579,419285.0,143976.636,419285.0,143976.648,419285.09,143976.648,419285.124,143976.538
MICHAEL KORS,419285.09,143976.648,419285.0,143976.648,419285.0,143976.694,419285.0,143976.74,419285.09,143976.74,419285.09,143976.648
