洗手间辅助面,419287.097,143971.601,419286.974,143971.505,419286.849,143971.598,419286.984,143971.77,419287.106,143971.77,419287.106,143971.716,419287.106,143971.678,419287.051,143971.635,419287.097,143971.601
Puella,419288.258,143973.257,419288.44,143973.257,419288.44,143972.695,419288.258,143972.695,419288.258,143973.257
辅助面,419284.015,143977.033,419283.898,143977.033,419283.898,143977.135,419283.957,143977.135,419284.015,143977.135,419284.015,143977.033
爱霓梦舟,419288.281,143971.848,419288.076,143971.848,419288.076,143971.899,419288.076,143972.117,419288.281,143972.117,419288.281,143971.983,419288.281,143971.848
椿上椿,419288.44,143972.497,419288.076,143972.497,419288.076,143972.596,419288.076,143972.695,419288.258,143972.695,419288.44,143972.695,419288.44,143972.497
衣秀维妮,419287.931,143971.855,419287.672,143971.855,419287.672,143972.137,419287.672,143972.419,419287.931,143972.419,419287.931,143972.336,419287.931,143971.899,419287.931,143971.855
水星家纺,419288.281,143972.117,419288.076,143972.117,419288.076,143972.336,419288.076,143972.416,419288.281,143972.416,419288.281,143972.267,419288.281,143972.117
VERO MODA,419288.77,143971.465,419288.757,143971.455,419288.363,143971.455,419288.471,143971.54,419288.58,143971.625,419288.58,143971.771,419288.58,143972.183,419288.58,143972.234,419288.915,143972.234,419288.915,143971.578,419288.77,143971.465
MISSHA,419286.041,143975.997,419285.93,143975.94,419285.811,143976.078,419285.692,143976.216,419285.803,143976.273,419285.922,143976.135,419286.041,143975.997
Phidias,419287.54,143971.737,419287.328,143971.571,419287.173,143971.687,419287.173,143971.77,419287.173,143971.842,419287.54,143971.842,419287.54,143971.79,419287.54,143971.737
U/2/B,419287.43,143974.641,419287.324,143974.561,419287.206,143974.652,419287.259,143974.693,419287.312,143974.733,419287.43,143974.641
ZARA,419288.478,143974.049,419288.289,143974.049,419288.262,143974.149,419288.232,143974.224,419288.205,143974.256,419288.084,143974.345,419287.445,143974.813,419287.865,143975.149,419288.597,143974.612,419288.597,143974.049,419288.478,143974.049
博尼,419287.836,143972.487,419287.672,143972.487,419287.672,143972.621,419287.672,143972.754,419287.836,143972.754,419287.836,143972.487
LILY NAILS,419287.761,143974.222,419287.654,143974.141,419287.473,143974.281,419287.58,143974.362,419287.687,143974.443,419287.867,143974.303,419287.784,143974.24,419287.761,143974.222
SCHIESSER,419287.836,143972.754,419287.672,143972.754,419287.672,143972.982,419287.672,143973.209,419287.836,143973.209,419287.836,143972.754
英龙华辰,419287.865,143975.149,419287.445,143974.813,419287.321,143974.904,419287.197,143974.995,419287.617,143975.331,419287.865,143975.149
less,419287.617,143975.331,419287.197,143974.995,419287.06,143975.096,419286.923,143975.196,419287.342,143975.532,419287.617,143975.331
西贝莜面村,419287.579,143971.592,419287.762,143971.455,419287.971,143971.455,419288.363,143971.455,419288.757,143971.455,419288.412,143971.184,419288.426,143971.155,419288.427,143971.088,419288.409,143971.013,419288.363,143970.933,419288.304,143970.874,419288.21,143970.816,419288.103,143970.779,419287.955,143970.764,419287.834,143970.78,419287.718,143970.822,419287.625,143970.885,419287.534,143971.007,419287.526,143971.091,419287.099,143971.412,419287.202,143971.493,419287.296,143971.422,419287.371,143971.48,419287.514,143971.592,419287.579,143971.592
SEA TO SKY,419288.478,143973.625,419288.076,143973.625,419288.076,143973.837,419288.076,143974.049,419288.289,143974.049,419288.478,143974.049,419288.478,143973.785,419288.478,143973.625
雪莲,419288.258,143972.695,419288.076,143972.695,419288.076,143972.836,419288.076,143972.976,419288.258,143972.976,419288.258,143972.695
Embry Form,419287.836,143973.209,419287.672,143973.209,419287.672,143973.356,419287.672,143973.503,419287.836,143973.503,419287.836,143973.209
鸥美药妆,419285.255,143975.839,419285.058,143975.681,419284.892,143975.808,419284.82,143975.845,419285.102,143976.037,419285.179,143975.938,419285.255,143975.839
odbo,419284.98,143976.249,419284.497,143976.011,419284.42,143976.277,419284.415,143976.295,419284.883,143976.463,419284.932,143976.356,419284.98,143976.249
BADINA/COLOVE,419286.019,143975.186,419285.565,143974.823,419285.265,143975.071,419285.697,143975.417,419285.72,143975.405,419285.87,143975.296,419286.019,143975.186
BLUE ERDOS,419285.485,143975.593,419285.112,143975.295,419285.053,143975.367,419284.921,143975.491,419284.869,143975.529,419285.255,143975.839,419285.264,143975.827,419285.374,143975.71,419285.485,143975.593
La go go,419287.54,143972.479,419287.54,143972.298,419287.54,143972.117,419287.173,143972.117,419287.173,143972.337,419286.996,143972.337,419286.996,143972.384,419286.996,143972.479,419287.54,143972.479
JNBY,419285.697,143975.417,419285.265,143975.071,419285.171,143975.224,419285.112,143975.295,419285.485,143975.593,419285.697,143975.417
ONLY,419287.54,143972.943,419287.54,143972.564,419287.54,143972.479,419286.996,143972.479,419286.996,143972.507,419286.996,143972.564,419286.996,143972.647,419286.996,143972.718,419286.996,143972.816,419286.947,143972.816,419286.947,143972.943,419287.54,143972.943
椿上椿特卖,419288.915,143972.234,419288.58,143972.234,419288.58,143972.328,419288.58,143972.45,419288.915,143972.45,419288.915,143972.234
My Petit Paris,419286.257,143975.011,419286.103,143974.888,419285.949,143975.001,419286.103,143975.124,419286.18,143975.068,419286.257,143975.011
雅诗蒂美,419288.258,143973.257,419288.076,143973.257,419288.076,143973.386,419288.076,143973.516,419288.44,143973.516,419288.44,143973.257,419288.258,143973.257
Avene,419285.772,143975.71,419285.646,143975.626,419285.531,143975.727,419285.594,143975.769,419285.657,143975.811,419285.772,143975.71
HONEY珠,419285.185,143976.546,419284.995,143976.497,419284.973,143976.546,419284.952,143976.595,419285.142,143976.644,419285.185,143976.546
naivee,419287.54,143971.842,419287.173,143971.842,419287.173,143972.117,419287.54,143972.117,419287.54,143971.979,419287.54,143971.842
拉·贝缇,419288.675,143972.978,419288.58,143972.978,419288.58,143973.247,419288.58,143973.516,419288.915,143973.516,419288.915,143972.978,419288.87,143972.978,419288.675,143972.978
ochirly,419287.09,143975.717,419286.671,143975.381,419286.538,143975.479,419286.405,143975.576,419286.824,143975.912,419287.09,143975.717
空铺,419287.395,143974.113,419287.002,143974.113,419286.924,143974.171,419287.153,143974.354,419287.274,143974.265,419287.395,143974.177,419287.395,143974.113
tanni,419286.824,143975.912,419286.405,143975.576,419286.276,143975.67,419286.148,143975.764,419286.568,143976.1,419286.824,143975.912
MAXRIENY,419286.756,143974.294,419286.474,143974.069,419286.253,143974.252,419286.75,143974.65,419286.844,143974.581,419286.937,143974.513,419286.708,143974.329,419286.756,143974.294
Rebecca,419286.411,143974.898,419286.257,143974.775,419286.103,143974.888,419286.257,143975.011,419286.334,143974.955,419286.411,143974.898
MO&Co.,419287.342,143975.532,419286.923,143975.196,419286.797,143975.289,419286.671,143975.381,419287.09,143975.717,419287.342,143975.532
嘉乐时尚首饰,419285.227,143976.448,419285.037,143976.399,419285.016,143976.448,419284.995,143976.497,419285.185,143976.546,419285.227,143976.448
JINS,419284.883,143976.463,419284.415,143976.295,419284.415,143976.654,419284.831,143976.654,419284.857,143976.558,419284.883,143976.463
idole,419287.54,143973.184,419287.138,143973.184,419287.138,143973.246,419287.138,143973.557,419287.54,143973.557,419287.54,143973.371,419287.54,143973.184
UNIQLO,419285.112,143977.703,419285.259,143977.537,419285.364,143977.463,419285.364,143977.044,419285.364,143977.021,419285.364,143976.999,419285.364,143976.977,419285.477,143976.977,419285.477,143976.724,419284.868,143976.724,419284.81,143976.724,419284.81,143976.773,419284.224,143976.773,419284.224,143976.976,419284.224,143977.008,419284.224,143977.237,419284.132,143977.237,419284.132,143977.34,419284.132,143977.5,419284.132,143977.524,419284.132,143977.545,419284.132,143977.572,419284.039,143977.572,419284.039,143977.65,419284.187,143977.65,419284.187,143977.703,419285.112,143977.703
古今,419288.0,143972.487,419287.836,143972.487,419287.836,143972.754,419288.0,143972.754,419288.0,143972.621,419288.0,143972.487
broadcast,419286.196,143976.476,419285.653,143976.275,419285.583,143976.387,419285.512,143976.498,419286.104,143976.654,419286.196,143976.476
香港满记甜品,419286.481,143975.217,419286.361,143975.126,419286.088,143975.338,419286.251,143975.461,419286.524,143975.249,419286.481,143975.217
OVER SEA,419285.349,143976.479,419285.227,143976.448,419285.185,143976.546,419285.142,143976.644,419285.264,143976.675,419285.307,143976.577,419285.349,143976.479
歌伊莱,419288.258,143973.257,419288.258,143972.976,419288.076,143972.976,419288.076,143973.116,419288.076,143973.257,419288.258,143973.257
6IXTY8IGHT,419285.102,143976.037,419284.82,143975.845,419284.749,143975.881,419284.508,143975.97,419284.497,143976.011,419284.98,143976.249,419285.041,143976.143,419285.102,143976.037
dyson,419285.924,143975.577,419285.798,143975.493,419285.675,143975.601,419285.737,143975.643,419285.8,143975.685,419285.924,143975.577
Bouthentique,419286.75,143974.65,419286.253,143974.252,419286.004,143974.459,419286.485,143974.844,419286.617,143974.747,419286.75,143974.65
内衣特卖,419288.0,143972.754,419287.836,143972.754,419287.836,143973.209,419287.836,143973.503,419288.0,143973.503,419288.0,143973.129,419288.0,143972.754
SEAN BY SEAN,419286.568,143976.1,419286.148,143975.764,419286.058,143975.831,419285.967,143975.897,419286.44,143976.202,419286.46,143976.179,419286.568,143976.1
木九十,419286.049,143975.661,419285.924,143975.577,419285.8,143975.685,419285.863,143975.727,419285.926,143975.769,419286.049,143975.661
尚优凡品,419287.952,143973.58,419287.672,143973.58,419287.672,143973.79,419287.672,143973.999,419287.952,143973.999,419287.952,143973.58
AFU,419285.898,143975.794,419285.772,143975.71,419285.657,143975.811,419285.72,143975.853,419285.783,143975.895,419285.898,143975.794
glam Ever,419287.324,143974.561,419287.217,143974.48,419287.099,143974.571,419287.152,143974.612,419287.206,143974.652,419287.324,143974.561
爱居兔,419287.54,143972.943,419286.947,143972.943,419286.947,143973.02,419287.138,143973.02,419287.138,143973.045,419287.138,143973.075,419287.138,143973.184,419287.54,143973.184,419287.54,143973.045,419287.54,143972.943
HENG SHU DIAN,419287.545,143973.625,419287.448,143973.625,419287.448,143973.733,419287.545,143973.733,419287.545,143973.679,419287.545,143973.625
UOOYAA,419286.104,143976.654,419285.512,143976.498,419285.512,143976.611,419285.512,143976.724,419286.065,143976.724,419286.073,143976.709,419286.104,143976.654
3CONCEPT EYES,419286.075,143975.444,419285.949,143975.36,419285.824,143975.47,419285.886,143975.512,419285.949,143975.554,419286.075,143975.444
英树,419287.608,143974.504,419287.479,143974.407,419287.374,143974.489,419287.438,143974.537,419287.502,143974.586,419287.608,143974.504
MEHOW,419287.479,143974.407,419287.394,143974.342,419287.288,143974.424,419287.331,143974.457,419287.374,143974.489,419287.479,143974.407
La Chapelle,419288.915,143973.666,419288.915,143973.516,419288.58,143973.516,419288.58,143973.591,419288.58,143973.625,419288.478,143973.625,419288.478,143973.785,419288.938,143973.785,419288.938,143973.682,419288.915,143973.666
ELLE,419286.201,143975.528,419286.075,143975.444,419285.949,143975.554,419286.012,143975.597,419286.075,143975.639,419286.201,143975.528
