辅助面,418943.491,143679.97,418943.348,143679.97,418943.348,143680.077,418943.416,143680.077,418943.434,143680.077,418943.491,143680.077,418943.491,143679.97
Ed Hardy,418943.463,143678.703,418943.525,143678.645,418943.615,143678.703,418943.615,143678.361,418943.503,143678.39,418943.453,143678.397,418943.403,143678.403,418943.301,143678.406,418943.301,143678.703,418943.336,143678.822,418943.463,143678.703
DKNY,418942.261,143679.02,418942.004,143679.02,418942.004,143679.179,418942.004,143679.339,418942.079,143679.37,418942.149,143679.408,418942.261,143679.408,418942.261,143679.043,418942.261,143679.02
会员中心,418940.997,143680.236,418940.997,143680.043,418940.92,143680.116,418940.893,143680.116,418940.846,143680.157,418940.834,143680.168,418940.778,143680.215,418940.808,143680.236,418940.997,143680.236
星巴克,418940.722,143680.177,418940.599,143680.092,418940.183,143680.448,418940.183,143681.113,418940.414,143681.113,418940.414,143680.975,418940.414,143680.535,418940.414,143680.441,418940.722,143680.177
Calvin Klein,418941.577,143678.721,418941.105,143678.721,418941.105,143678.756,418941.105,143679.043,418941.302,143679.043,418941.499,143679.043,418941.499,143679.003,418941.577,143678.937,418941.577,143678.847,418941.577,143678.756,418941.577,143678.721
MICHAEL KORS,418943.036,143678.744,418942.528,143678.744,418942.528,143679.043,418942.66,143679.043,418942.66,143679.408,418942.768,143679.408,418942.854,143679.408,418943.036,143679.408,418943.036,143679.205,418943.036,143679.043,418943.036,143678.89,418943.036,143678.831,418943.036,143678.744
maje,418942.725,143678.178,418942.528,143678.178,418942.528,143678.39,418942.528,143678.496,418943.036,143678.496,418943.036,143678.418,418943.036,143678.39,418943.036,143678.367,418942.94,143678.326,418942.895,143678.297,418942.885,143678.29,418942.873,143678.283,418942.814,143678.227,418942.779,143678.178,418942.759,143678.178,418942.725,143678.178
北京旅游咨询,418941.797,143680.981,418941.666,143680.981,418941.666,143681.023,418941.666,143681.066,418941.927,143681.066,418941.927,143681.023,418941.927,143680.981,418941.797,143680.981
空铺,418941.508,143679.135,418941.105,143679.135,418940.97,143679.135,418940.97,143679.551,418941.005,143679.593,418941.105,143679.594,418941.231,143679.594,418941.302,143679.508,418941.32,143679.493,418941.38,143679.446,418941.448,143679.407,418941.508,143679.381,418941.508,143679.135
NHIZ,418941.252,143680.029,418941.218,143679.978,418941.105,143680.003,418941.105,143680.685,418941.105,143680.85,418941.429,143680.85,418941.545,143680.85,418941.545,143680.653,418941.545,143680.224,418941.471,143680.197,418941.405,143680.163,418941.362,143680.133,418941.292,143680.075,418941.252,143680.029
SEPHORA,418940.787,143678.188,418940.136,143678.188,418940.136,143678.721,418940.516,143678.721,418940.653,143678.721,418940.778,143678.721,418940.938,143678.721,418941.105,143678.721,418941.577,143678.721,418941.577,143678.473,418941.577,143678.188,418940.787,143678.188
GAP,418941.577,143678.188,418941.577,143678.183,418941.63,143678.183,418941.63,143678.034,418941.63,143677.584,418941.63,143677.083,418941.501,143677.083,418941.372,143677.083,418941.372,143676.976,418941.071,143676.976,418941.071,143677.354,418941.132,143677.354,418941.132,143677.835,418941.078,143677.835,418941.078,143677.943,418940.787,143677.943,418940.787,143678.188,418941.577,143678.188
Apple Store,418944.474,143677.362,418944.001,143677.362,418944.001,143677.94,418944.001,143678.042,418944.001,143678.139,418944.154,143678.139,418944.366,143678.139,418944.474,143678.139,418944.474,143677.362
Aape,418942.689,143677.126,418942.369,143677.126,418942.369,143677.388,418942.369,143677.946,418942.529,143677.946,418942.689,143677.946,418942.689,143677.126
UGG,418942.369,143677.388,418942.004,143677.388,418942.004,143677.67,418942.004,143677.846,418942.004,143677.946,418942.186,143677.946,418942.266,143677.946,418942.369,143677.946,418942.369,143677.388
ZARA,418943.121,143677.749,418943.301,143677.724,418943.471,143677.733,418943.619,143677.766,418943.761,143677.833,418943.853,143677.94,418943.867,143677.94,418943.867,143677.645,418943.651,143677.645,418943.651,143677.362,418944.001,143677.362,418944.382,143677.362,418944.474,143677.362,418944.474,143676.692,418944.366,143676.692,418944.02,143676.692,418943.77,143676.692,418942.817,143676.692,418942.817,143677.126,418942.689,143677.126,418942.689,143677.946,418942.783,143677.946,418942.924,143677.825,418943.121,143677.749
Kate spade NEW YORK,418943.913,143678.447,418943.913,143678.301,418943.817,143678.301,418943.743,143678.301,418943.681,143678.334,418943.615,143678.361,418943.615,143678.703,418943.581,143678.734,418943.707,143678.813,418943.913,143678.813,418943.913,143678.74,418943.913,143678.537,418943.913,143678.447
MISS SIXTY,418942.528,143678.496,418942.004,143678.496,418942.004,143678.62,418942.004,143678.744,418942.261,143678.744,418942.528,143678.744,418942.528,143678.496
KING BABY,418942.261,143678.744,418942.004,143678.744,418942.004,143678.855,418942.004,143678.966,418942.261,143678.966,418942.261,143678.744
PANDORA,418943.036,143678.496,418942.528,143678.496,418942.528,143678.744,418943.036,143678.744,418943.036,143678.543,418943.036,143678.496
Sandro PARIS,418942.528,143679.043,418942.261,143679.043,418942.261,143679.408,418942.456,143679.408,418942.651,143679.408,418942.66,143679.408,418942.66,143679.043,418942.528,143679.043
MAX&Co.,418942.266,143678.178,418942.004,143678.178,418942.004,143678.337,418942.004,143678.496,418942.528,143678.496,418942.528,143678.39,418942.528,143678.178,418942.266,143678.178
Juicy Couture,418942.532,143680.164,418942.375,143680.164,418942.375,143680.792,418942.688,143680.792,418942.688,143680.164,418942.532,143680.164
SWAROVSKI,418942.17,143680.164,418942.137,143680.164,418942.088,143680.19,418942.036,143680.212,418942.036,143680.251,418942.036,143680.364,418942.036,143680.792,418942.269,143680.792,418942.375,143680.792,418942.375,143680.164,418942.21,143680.164,418942.17,143680.164
BAOBAO,418942.85,143680.164,418942.688,143680.164,418942.688,143680.792,418943.012,143680.792,418943.012,143680.22,418943.012,143680.192,418943.012,143680.164,418942.85,143680.164
