辅助面,418942.904,143680.898,418942.448,143680.898,418942.448,143680.939,418942.448,143681.007,418942.448,143681.112,418942.904,143681.112,418942.904,143680.898
休息区,418941.693,143678.671,418941.67,143678.671,418941.67,143678.715,418941.776,143678.715,418941.931,143678.715,418941.931,143678.671,418941.806,143678.671,418941.776,143678.671,418941.693,143678.671
ZARA,418943.759,143677.539,418943.759,143677.397,418943.959,143677.397,418944.003,143677.397,418944.003,143677.206,418944.003,143676.692,418943.994,143676.692,418943.73,143676.692,418943.722,143676.692,418943.64,143676.692,418943.017,143676.692,418943.017,143677.009,418943.243,143677.009,418943.243,143677.691,418943.469,143677.691,418943.501,143677.691,418943.759,143677.691,418943.759,143677.539
空铺,418940.57,143679.585,418940.944,143679.585,418941.093,143679.585,418941.126,143679.522,418941.169,143679.466,418941.22,143679.414,418941.285,143679.362,418941.285,143679.198,418941.285,143678.592,418941.064,143678.592,418941.064,143678.884,418941.064,143679.039,418940.938,143679.039,418940.938,143678.884,418940.988,143678.884,418940.988,143678.592,418940.614,143678.592,418940.614,143678.769,418940.494,143678.769,418940.146,143678.769,418940.146,143679.585,418940.57,143679.585
LOCCITANE,418942.93,143677.911,418942.816,143677.911,418942.816,143678.195,418942.93,143678.195,418942.985,143678.195,418943.082,143678.195,418943.082,143677.911,418942.93,143677.911
JOMALONE,418943.363,143678.516,418942.985,143678.516,418942.827,143678.651,418942.921,143678.706,418943.051,143678.782,418943.096,143678.743,418943.14,143678.706,418943.182,143678.67,418943.363,143678.516
ESTEE LAUDER,418942.921,143678.706,418942.703,143678.706,418942.703,143678.752,418942.703,143678.971,418942.829,143678.971,418942.94,143678.876,418943.051,143678.782,418942.921,143678.706
ORIGINS,418942.434,143679.109,418942.194,143679.109,418942.194,143679.302,418942.194,143679.335,418942.194,143679.355,418942.223,143679.375,418942.242,143679.389,418942.286,143679.428,418942.427,143679.428,418942.568,143679.428,418942.568,143679.355,418942.568,143679.109,418942.434,143679.109
Dior,418942.703,143679.109,418942.568,143679.109,418942.568,143679.355,418942.568,143679.428,418942.636,143679.428,418942.703,143679.428,418942.847,143679.303,418942.847,143679.206,418942.847,143679.109,418942.703,143679.109
Hitomi Optician,418942.472,143680.606,418942.286,143680.606,418942.286,143680.653,418942.286,143680.701,418942.472,143680.701,418942.472,143680.606
LOVE&LOVE,418942.341,143680.137,418942.286,143680.137,418942.286,143680.366,418942.286,143680.503,418942.286,143680.606,418942.472,143680.606,418942.472,143680.137,418942.44,143680.137,418942.341,143680.137
REPLAY,418940.619,143677.318,418940.146,143677.318,418940.146,143677.599,418941.205,143677.599,418941.186,143677.458,418941.167,143677.318,418940.893,143677.318,418940.619,143677.318
Calvin Klein Jeans,418941.242,143677.88,418940.146,143677.88,418940.146,143678.22,418940.619,143678.22,418941.287,143678.22,418941.265,143678.05,418941.242,143677.88
名表维修中心,418941.524,143680.803,418941.494,143680.803,418941.494,143680.825,418941.524,143680.825,418941.633,143680.825,418941.633,143680.803,418941.579,143680.803,418941.524,143680.803
H&M,418942.842,143680.869,418942.842,143680.137,418942.703,143680.137,418942.472,143680.137,418942.472,143680.606,418942.472,143680.701,418942.472,143680.741,418942.337,143680.741,418942.337,143680.869,418942.842,143680.869
CASIO,418941.816,143680.803,418941.633,143680.803,418941.633,143680.825,418941.96,143680.825,418941.96,143680.803,418941.816,143680.803
Jurlique,418942.6,143677.911,418942.523,143677.911,418942.523,143678.195,418942.676,143678.195,418942.703,143678.195,418942.816,143678.195,418942.816,143677.911,418942.676,143677.911,418942.654,143677.911,418942.6,143677.911
MICHAEL KORS,418942.436,143679.756,418942.389,143679.756,418942.389,143679.853,418942.389,143679.949,418942.511,143679.949,418942.529,143679.907,418942.542,143679.864,418942.551,143679.821,418942.554,143679.789,418942.556,143679.756,418942.549,143679.756,418942.436,143679.756
CK手表店,418941.72,143679.156,418941.616,143679.163,418941.497,143679.185,418941.497,143679.265,418941.748,143679.265,418942.0,143679.265,418942.0,143679.185,418941.921,143679.169,418941.813,143679.157,418941.72,143679.156
MONKL,418940.494,143678.592,418940.494,143678.49,418941.287,143678.49,418941.287,143678.341,418941.287,143678.22,418940.619,143678.22,418940.146,143678.22,418940.146,143678.769,418940.494,143678.769,418940.494,143678.689,418940.494,143678.592
星巴克,418943.846,143678.736,418943.686,143678.736,418943.686,143678.988,418943.865,143678.988,418943.771,143679.096,418943.741,143679.193,418943.737,143679.289,418943.874,143679.584,418944.006,143679.584,418944.006,143679.088,418944.006,143678.736,418943.846,143678.736
EMPORIO ARMANI,418942.511,143679.562,418942.388,143679.562,418942.389,143679.659,418942.389,143679.756,418942.436,143679.756,418942.549,143679.756,418942.556,143679.756,418942.555,143679.74,418942.551,143679.694,418942.541,143679.643,418942.526,143679.596,418942.511,143679.562
靓佩,418941.731,143680.282,418941.558,143680.267,418941.558,143680.408,418941.659,143680.424,418941.757,143680.429,418941.843,143680.425,418941.927,143680.413,418941.927,143680.386,418941.927,143680.327,418941.927,143680.298,418941.786,143680.286,418941.731,143680.282
i.t,418941.175,143680.056,418941.107,143679.959,418940.944,143679.959,418940.574,143679.959,418940.183,143679.959,418940.183,143681.112,418941.494,143681.112,418941.494,143680.825,418941.494,143680.803,418941.494,143680.251,418941.371,143680.203,418941.263,143680.137,418941.222,143680.099,418941.175,143680.056
EVISU,418941.205,143677.599,418940.146,143677.599,418940.146,143677.88,418941.242,143677.88,418941.223,143677.74,418941.205,143677.599
KIEHL'S,418943.082,143678.195,418942.985,143678.195,418942.985,143678.516,418943.363,143678.516,418943.363,143678.355,418943.363,143678.195,418943.082,143678.195
MY·O·MY,418942.434,143678.706,418942.194,143678.706,418942.194,143678.835,418942.194,143678.87,418942.194,143678.904,418942.194,143678.989,418942.194,143679.109,418942.434,143679.109,418942.434,143678.87,418942.434,143678.855,418942.434,143678.835,418942.434,143678.706
innisfree,418942.449,143678.195,418942.194,143678.195,418942.194,143678.426,418942.194,143678.542,418942.194,143678.688,418942.194,143678.706,418942.434,143678.706,418942.703,143678.706,418942.921,143678.706,418942.827,143678.651,418942.985,143678.516,418942.985,143678.195,418942.93,143678.195,418942.816,143678.195,418942.703,143678.195,418942.676,143678.195,418942.523,143678.195,418942.449,143678.195
ROGER&GALLET,418942.365,143677.911,418942.282,143677.911,418942.194,143677.965,418942.194,143678.08,418942.194,143678.195,418942.449,143678.195,418942.523,143678.195,418942.523,143677.911,418942.449,143677.911,418942.365,143677.911
翡拉拉,418941.606,143678.115,418941.497,143678.115,418941.497,143678.177,418941.497,143678.259,418941.497,143678.341,418941.497,143678.384,418941.497,143678.443,418941.606,143678.443,418941.606,143678.384,418941.606,143678.177,418941.606,143678.115
GAP,418941.548,143677.607,418941.651,143677.555,418941.699,143677.555,418942.039,143677.555,418942.039,143676.863,418941.869,143676.863,418941.475,143676.863,418941.475,143676.976,418941.392,143676.976,418941.392,143677.607,418941.548,143677.607
BOBBI BROWN,418943.174,143677.09,418942.717,143677.09,418942.717,143677.361,418942.755,143677.361,418942.755,143677.691,418942.964,143677.691,418943.174,143677.691,418943.174,143677.361,418943.174,143677.09
VICTORIA'S SECRET,418942.471,143677.429,418942.471,143677.361,418942.194,143677.361,418942.194,143677.634,418942.23,143677.662,418942.267,143677.691,418942.455,143677.691,418942.717,143677.691,418942.717,143677.429,418942.471,143677.429
YVESSAINTLAURENT,418944.014,143678.195,418943.614,143678.195,418943.614,143678.294,418943.614,143678.394,418943.739,143678.492,418944.014,143678.492,418944.014,143678.195
fresh,418944.014,143677.911,418943.614,143677.911,418943.614,143678.099,418943.614,143678.195,418944.014,143678.195,418944.014,143678.134,418944.014,143677.911
Jazcu珍什果,418944.47,143678.488,418944.196,143678.488,418944.196,143678.693,418944.196,143678.897,418944.47,143678.897,418944.47,143678.488
