匠意空间,418733.224,143921.695,418733.162,143921.7,418733.207,143921.892,418733.269,143921.886,418733.224,143921.695
辅助面,418731.91,143922.59,418731.911,143922.498,418731.743,143922.596,418731.586,143922.708,418731.909,143922.72,418731.91,143922.59
友唱·全民K歌,418737.435,143922.18,418737.36,143922.148,418737.279,143922.318,418737.355,143922.35,418737.435,143922.18
迷你芭斯,418734.566,143921.015,418734.56,143921.53,418734.651,143921.533,418734.656,143921.018,418734.566,143921.015
Mout Cloud,418734.268,143921.004,418733.959,143920.992,418733.953,143921.507,418734.263,143921.518,418734.268,143921.004
mu,418733.953,143921.507,418733.959,143920.992,418733.613,143920.979,418733.607,143921.514,418733.776,143921.5,418733.953,143921.507
Lavinia,418735.169,143922.486,418734.916,143922.476,418734.555,143922.819,418735.165,143922.842,418735.169,143922.486
星客多,418735.503,143922.499,418735.169,143922.486,418735.165,143922.842,418735.498,143922.854,418735.503,143922.499
eifini,418733.839,143922.414,418733.53,143922.402,418733.535,143922.004,418733.326,143922.045,418733.12,143922.092,418733.112,143922.765,418733.834,143922.792,418733.839,143922.414
歌莉娅,418734.025,143922.025,418734.025,143921.933,418733.786,143921.963,418733.535,143922.004,418733.534,143922.097,418734.025,143922.115,418734.025,143922.025
TRENDIANO,418733.12,143922.092,418732.811,143922.173,418732.804,143922.754,418733.112,143922.765,418733.12,143922.092
速写,418732.811,143922.173,418732.534,143922.259,418732.553,143922.36,418732.024,143922.506,418732.014,143922.724,418732.804,143922.754,418732.811,143922.173
map by BeLLE,418734.916,143922.476,418734.779,143922.175,418734.502,143922.439,418733.839,143922.414,418733.834,143922.792,418734.555,143922.819,418734.916,143922.476
森马,418736.951,143922.568,418736.493,143922.551,418736.493,143922.588,418735.709,143922.558,418735.503,143922.499,418735.498,143922.854,418737.689,143922.936,418737.588,143922.836,418737.481,143922.741,418737.368,143922.652,418737.25,143922.57,418737.098,143922.46,418736.936,143922.365,418736.764,143922.285,418736.585,143922.221,418736.572,143922.249,418737.009,143922.484,418736.951,143922.568
ZARRIN,418732.82,143921.664,418732.819,143921.637,418732.656,143921.649,418732.655,143921.675,418732.82,143921.664
木九十,418736.289,143922.161,418736.444,143922.209,418736.458,143922.178,418736.305,143922.131,418736.149,143922.09,418736.146,143922.363,418736.287,143922.369,418736.289,143922.161
FIVE PLUS,418735.89,143922.484,418735.892,143922.359,418735.919,143922.36,418735.922,143922.077,418736.149,143922.118,418736.149,143922.09,418735.919,143922.045,418735.685,143922.016,418735.547,143922.424,418735.645,143922.475,418735.89,143922.484
HITOMI,418736.841,143921.734,418736.747,143921.734,418736.75,143921.594,418736.843,143921.597,418736.844,143921.455,418736.443,143921.44,418736.44,143921.689,418736.84,143921.843,418736.841,143921.734
衣架,418735.766,143921.06,418735.235,143921.04,418735.229,143921.555,418735.76,143921.575,418735.766,143921.06
ARIOSE years,418735.235,143921.04,418734.936,143921.029,418734.93,143921.543,418735.229,143921.555,418735.235,143921.04
i.f.by eva,418734.936,143921.029,418734.656,143921.018,418734.651,143921.533,418734.93,143921.543,418734.936,143921.029
FOREVER NEW,418734.566,143921.015,418734.268,143921.004,418734.263,143921.518,418734.56,143921.53,418734.566,143921.015
Bouthentique,418733.607,143921.514,418733.613,143920.979,418733.293,143920.967,418733.287,143921.443,418733.098,143921.435,418733.103,143921.59,418733.349,143921.554,418733.607,143921.514
Flora Garden,418736.088,143921.273,418736.09,143921.072,418735.766,143921.06,418735.76,143921.575,418736.202,143921.591,418736.343,143921.649,418736.345,143921.436,418736.287,143921.434,418736.287,143921.391,418736.199,143921.387,418736.088,143921.292,418736.088,143921.273
纽约客美式餐厅,418736.509,143921.088,418736.505,143921.442,418736.844,143921.455,418736.845,143921.377,418737.082,143921.386,418737.081,143921.464,418737.242,143921.47,418737.24,143921.703,418737.145,143921.908,418737.183,143921.927,418737.365,143921.962,418737.505,143921.978,418737.534,143921.98,418737.698,143921.97,418737.856,143921.139,418736.509,143921.088
许留山,418734.684,143921.957,418734.502,143921.951,418734.499,143922.195,418734.497,143922.316,418734.518,143922.317,418734.748,143922.099,418734.684,143921.957
VERO MODA,418732.35,143921.943,418732.267,143921.719,418732.297,143921.72,418732.299,143921.552,418732.468,143921.558,418732.475,143920.936,418731.769,143920.91,418731.553,143921.654,418731.638,143921.688,418731.728,143921.701,418731.868,143922.081,418732.35,143921.943
MEHOW,418732.468,143921.558,418732.299,143921.552,418732.297,143921.72,418732.608,143921.679,418732.613,143921.564,418732.468,143921.558
J.D.V,418732.487,143922.314,418732.35,143921.943,418731.868,143922.081,418732.005,143922.452,418732.487,143922.314
