辅助面,418736.011,143922.364,418736.153,143922.373,418736.166,143922.195,418736.021,143922.175,418736.011,143922.364
智课,418736.61,143921.717,418736.706,143921.75,418736.715,143921.732,418736.62,143921.697,418736.61,143921.717
STARBUCKS COFFEE,418736.326,143921.305,418736.305,143921.642,418736.402,143921.643,418736.604,143921.692,418736.613,143921.571,418736.773,143921.573,418736.9,143921.578,418736.912,143921.428,418736.934,143921.104,418736.488,143921.087,418736.485,143921.311,418736.326,143921.305
友唱·M-Bar,418731.996,143922.428,418732.024,143922.418,418732.008,143922.374,418731.978,143922.379,418731.996,143922.428
休息区,418735.559,143922.382,418735.53,143922.385,418735.536,143922.46,418735.565,143922.46,418735.559,143922.382
友唱·全民K歌,418735.529,143922.354,418735.556,143922.353,418735.554,143922.326,418735.525,143922.327,418735.529,143922.354
LACOSTE,418736.704,143922.28,418736.689,143922.566,418736.486,143922.561,418736.356,143922.561,418736.352,143922.887,418736.671,143922.899,418737.076,143922.915,418737.215,143922.779,418737.337,143922.63,418737.202,143922.538,418737.043,143922.443,418736.883,143922.358,418736.718,143922.282,418736.704,143922.28
洗手间辅助面,418732.797,143921.178,418732.633,143921.172,418732.461,143921.165,418732.459,143921.351,418732.795,143921.364,418732.797,143921.178
喜家德,418733.88,143922.426,418733.45,143922.41,418733.446,143922.778,418733.876,143922.794,418733.88,143922.426
海岸线国际教育,418733.159,143921.911,418733.476,143921.847,418733.413,143921.65,418733.095,143921.715,418733.159,143921.911
roseonly.,418734.019,143922.047,418734.02,143921.913,418733.795,143921.931,418733.794,143922.085,418734.019,143922.093,418734.019,143922.047
SLY,418732.415,143922.267,418732.171,143922.372,418731.901,143922.504,418731.738,143922.599,418731.586,143922.708,418732.41,143922.739,418732.415,143922.267
美联英语,418737.53,143921.98,418737.435,143921.969,418737.422,143921.967,418737.401,143922.013,418737.496,143922.053,418737.53,143921.98
EVISU,418733.45,143922.41,418733.455,143921.977,418733.146,143922.039,418733.138,143922.766,418733.446,143922.778,418733.45,143922.41
i GOLD,418734.682,143921.659,418734.547,143921.655,418734.541,143921.777,418734.676,143921.782,418734.682,143921.659
EAST HOUSE,418735.237,143921.317,418734.957,143921.307,418734.955,143921.511,418735.163,143921.519,418735.235,143921.477,418735.237,143921.317
I DO,418737.01,143921.107,418736.994,143921.431,418737.247,143921.441,418737.253,143921.591,418737.252,143921.673,418737.144,143921.906,418737.311,143921.948,418737.434,143921.969,418737.53,143921.98,418737.697,143921.974,418737.856,143921.139,418737.01,143921.107
喜茶星球,418736.356,143922.561,418735.999,143922.547,418735.842,143922.541,418735.576,143922.531,418735.628,143922.86,418735.995,143922.874,418736.352,143922.887,418736.356,143922.561
G-STAR RAW,418735.843,143922.478,418735.851,143922.156,418735.538,143922.141,418735.565,143922.46,418735.566,143922.468,418735.843,143922.478
adidas,418734.957,143921.307,418734.961,143921.03,418734.62,143921.017,418734.619,143921.144,418734.288,143921.198,418734.285,143921.485,418734.955,143921.511,418734.957,143921.307
MO&CO.,418733.935,143920.991,418733.574,143920.978,418733.569,143921.458,418733.93,143921.471,418733.935,143920.991
Nike服饰鞋帽店,418733.056,143921.589,418733.315,143921.53,418733.569,143921.458,418733.574,143920.978,418733.163,143920.962,418733.16,143921.23,418733.06,143921.226,418733.056,143921.589
美图,418732.969,143921.608,418732.969,143921.54,418732.845,143921.567,418732.688,143921.58,418732.687,143921.654,418732.969,143921.608
萨尔利兹,418732.473,143920.936,418732.12,143920.923,418732.119,143921.053,418732.0,143921.048,418731.995,143921.53,418732.456,143921.547,418732.459,143921.351,418732.461,143921.165,418732.473,143920.936
诗普琳,418732.609,143921.553,418732.456,143921.547,418732.106,143921.534,418732.104,143921.702,418732.355,143921.689,418732.605,143921.664,418732.609,143921.553
COSTA COFFEE,418732.104,143921.702,418732.106,143921.534,418731.995,143921.53,418732.0,143921.048,418732.119,143921.053,418732.12,143920.923,418731.769,143920.91,418731.553,143921.654,418731.626,143921.684,418731.704,143921.7,418731.897,143921.705,418732.104,143921.702
DAZZLE,418734.288,143921.198,418734.291,143921.005,418733.935,143920.991,418733.93,143921.471,418734.285,143921.485,418734.288,143921.198
ZAXY,418734.218,143921.635,418734.09,143921.63,418734.089,143921.764,418734.217,143921.769,418734.218,143921.635
出门问问智能体验店,418733.676,143921.606,418733.413,143921.65,418733.476,143921.847,418733.733,143921.801,418733.676,143921.606
SHINE,418735.037,143922.056,418735.035,143922.266,418735.289,143922.275,418735.288,143922.056,418735.037,143922.056
写字楼A座,418734.019,143922.093,418733.454,143922.072,418733.45,143922.41,418733.88,143922.426,418734.637,143922.453,418734.653,143921.929,418734.273,143921.917,418734.263,143922.099,418734.019,143922.093
FJALL RAVEN,418733.795,143921.931,418733.455,143921.977,418733.454,143922.072,418733.794,143922.085,418733.795,143921.931
MOUSSY,418732.784,143922.137,418732.598,143922.199,418732.415,143922.267,418732.41,143922.739,418732.777,143922.753,418732.784,143922.137
ml,418733.146,143922.039,418732.966,143922.085,418732.784,143922.137,418732.777,143922.753,418733.138,143922.766,418733.146,143922.039
HUAWEI,418734.637,143922.453,418733.88,143922.426,418733.876,143922.794,418734.635,143922.823,418734.637,143922.453
